1
402b8e
2
77
3
77
4
0
5
7fcaee1d4700
6
7ffc912eca10
7
7ffc1f366fd0
8
0
9
0
10
7ffec9ddfa30
11
401f54
12
4
13
402cdb
14
402ce0
15
1
16
7ffe86f45185
17
0
18
0
19
19663c
20
54bc
21
54bc
22
4
23
66474e551
24
0
25
0
26
ffffffff
27
7fff00000000
28
8e3010
29
f69150
30
500000005
31
3
32
4
33
402cdb
34
402ce0
35
1
36
7ffc8f0d6845
37
0
38
0
39
7ffcff843308
40
64
41
500000064
42
7efd00000000
43
402c50
44
1e00000032
45
7fd100000000
46
0
47
0
48
0
49
0
50
0
51
0
52
7f4d00000000
53
402c50
54
1e00000032
55
7f9d00000000
56
1
57
402c56
58
320000003c
59
7ffe00000064
60
2
61
402c5e
62
5000000050
63
7ffc000001f4
64
7f1100000003
65
402c64
66
6400000064
67
7fff000003e8
68
0
69
402cbf
70
0
71
1
72
0
73
0
74
0
75
1
76
402cc3
77
402cc8
78
0
79
0
80
0
81
0
82
2
83
402ccb
84
0
85
2
86
0
87
0
88
0
89
3
90
402ccf
91
402cd6
92
0
93
0
94
0
95
0
96
4
97
402cdb
98
402ce0
99
1
100
0
101
0
102
0
103
5
104
402ce2
105
402ce7
106
0
107
0
108
0
109
0
110
0
111
402e50
112
5a00000064
113
6400000050
114
1
115
402e57
116
500000005f
117
5a00000055
118
2
119
402e5e
120
500000005f
121
5a00000055
122
3
123
402e65
124
460000005a
125
5000000050
126
4
127
402e69
128
4b0000004b
129
4b00000032
130
5
131
402e6d
132
5000000046
133
4b0000002d
134
6
135
402e74
136
370000005a
137
4600000037
138
7
139
402e7e
140
3200000041
141
3c0000001e
142
8
143
402e88
144
370000003c
145
3c00000028
146
9
147
402e8f
148
4100000037
149
3c00000041
150
a
151
402e94
152
4600000032
153
3c0000005a
154
b
155
402e98
156
4100000032
157
3700000050
158
61616100706c6568
159
3531256161616161
160
786c6c2430
161
7ffd7dc34980
162
6562b026
163
7fb4ae0eb5e7
164
ffffffff
165
7f073c349718
166
7fffa1bde280
167
7f564fc1e700
168
7ffc1b679901
169
b277298d1f
170
0
171
0
172
0
173
0
174
0
175
0
176
7fffe5726278
177
0
178
1
179
7ffdfc2ae408
180
1
181
7ffe6fe69d40
182
7f78a7138168
183
f0b2ff
184
1
185
40293d
186
7ffecba5347e
187
0
188
4028f0
189
400940
190
7ffefb5bd220
191
d6df115539bc3300
192
4028f0
193
7eff71da0830
194
1
195
7ffe3f77c9d8
196
114198ca0
197
4019bf
198
0
199
bfe36a02499916fa
200
400940
201
7ffea993f0c0
202
0
203
0
204
ba511ea4622e4b85
205
f87df7f2bb3962d3
206
0
207
0
208
0
209
7ffdf4543678
210
7f66bed35168
211
7fea40bae7cb
212
0
213
0
214
400940
215
7fff21159030
216
0
217
40096a
218
7ffd8c9e25b8
219
1c
220
1
221
7ffc32693f7d
222
0
223
7ffe43ba9f8e
224
7ffc0031ffaf
225
7fff485fbfe6
226
7ffcfcad901a
227
7ffd5943b046
228
7ffc478e8066
229
7fffb4ed9080
230
7ffee5c8a095
231
7ffda14870a8
232
7fff96aba0b9
233
7ffeca28c0c7
234
7ffc4499b0db
235
7ffe33a9f0e6
236
7ffd66b70297
237
7ffd12f522e3
238
7ffdaab392ee
239
7fffb297e305
240
7fff81b83316
241
7ffc4268432a
242
7ffd8348433e
243
7fff11b7f378
244
7ffe9433d39e
245
7ffeeeb7d3ad
246
7ffca5fac3e0
247
7ffc0bf973e8
248
7fff3a96f40b
249
7fffe7d43441
250
7ffdf823345e
251
7ffc2b3b149a
252
7fffe6aaa4ac
253
7ffe79f3c4c2
254
7ffe413504d4
255
7ffddd0464ee
256
7ffe02d74500
257
7ffe10eb4523
258
7fff3c39a558
259
7fff6065356c
260
7fff0e76d58b
261
7ffd76fdb5a6
262
7ffd927c65c0
263
7fff787605df
264
7ffd122255f3
265
7ffd36b6961c
266
7ffddff14645
267
7fff9a730669
268
7ffefbce4690
269
7fff4c4ba6a1
270
7ffd0a80f6b3
271
7fff6cd816c8
272
7ffe8e5b56db
273
7ffe0084e6ea
274
7ffd2e8c86fd
275
7ffc5f860763
276
7ffc8c0fe797
277
7ffe920537a9
278
7ffdde7167cf
279
7ffd268c17e5
280
7fff6b9cf7f4
281
7ffd0253880b
282
7ffda50ba830
283
7fff0308c874
284
7ffd00f65887
285
7ffced3d78c6
286
7ffe9ef008d5
287
7ffeed9cf902
288
7ffe8d080946
289
7ffd21313950
290
7fffe0651988
291
7ffeed6859b1
292
7ffee28a19cb
293
7ffd1e5279e2
294
7ffd7b5f9a3f
295
7ffee556efc7
296
7ffdd6f2afd8
297
0
298
21
299
7ffd79de4000
300
10
301
bfebfbff
302
6
303
1000
304
11
305
64
306
3
307
400040
308
4
309
38
310
5
311
9
312
7
313
7f88397bc000
314
8
315
0
316
9
317
400940
318
b
319
3e8
320
c
321
3e8
322
d
323
3e8
324
e
325
3e8
326
17
327
0
328
19
329
7ffe6f476029
330
1f
331
7ffc5d80efe7
332
f
333
7ffc8ee477a9
334
0
335
0
336
0
337
2b96f2674f815200
338
e7c05e93032f3301
339
34365f363878f2
340
0
341
0
342
0
343
0
344
0
345
0
346
0
347
0
348
0
349
0
350
0
351
0
352
0
353
0
354
0
355
0
356
0
357
0
358
0
359
0
360
0
361
0
362
0
363
0
364
0
365
0
366
0
367
0
368
0
369
0
370
0
371
0
372
0
373
0
374
0
375
0
376
0
377
0
378
0
379
0
380
0
381
0
382
0
383
0
384
0
385
0
386
0
387
0
388
0
389
0
390
0
391
0
392
0
393
0
394
0
395
0
396
0
397
0
398
0
399
0
400
0
401
0
402
0
403
0
404
0
405
0
406
0
407
0
408
5f5451003131783d
409
0
410
0
411
0
412
0
413
3a6e6962732f3a6e
414
0
415
0
416
0
417
0
418
3a6e69622f687369
419
0
420
0
421
0
422
0
423
0
424
0
425
0
426
0
427
0
428
0
429
0
430
0
431
0
432
0
433
0
434
0
435
0
436
0
437
0
438
0
439
0
440
0
441
0
442
0
443
0
444
0
445
0
446
0
447
3a73656d61672f72
448
0
449
0
450
0
451
0
452
0
453
0
454
2f3a6e69622f6c61
455
0
456
0
457
0
458
0
459
0
460
0
461
0
462
0
463
0
464
0
465
0
466
0
467
0
468
0
469
6d6f682f3d454d4f
470
0
471
73656d61672f6c61
472
0
473
0
474
0
475
636f6c2f7273752f
476
0
477
0
478
0
479
0
480
0
481
0
482
0
483
0
484
6f6c6f633635322d
485
2f766e65796e612e
486
0
487
0
488
0
489
0
490
0
491
0
492
0
493
0
494
0
495
0
496
0
497
0
498
0
499
632e2f6873696d75
500
0
501
0
502
0
503
0
504
0
505
0
506
0
507
0
508
64532f64696f7264
509
0
510
0
511
0
512
0
513
0
514
0
515
2f3a6e69622f6572
516
5441505f59524f54
517
0
518
656d6f682f3d5954
519
0
520
0
521
2f7261762f3d5249
522
5055006465746163
523
0
524
0
525
0
526
0
527
0
528
0
529
0
530
0
531
0
532
0
533
0
534
0
535
0
536
445f415441445f52
537
0
538
0
539
0
540
0
541
0
542
0
543
0
544
0
545
0
546
0
547
0
548
0
549
0
550
0
551
4548544d524f4654
552
0
553
0
554
0
555
0
556
0
557
0
558
0
559
2f7273752f3a6e69
560
53454c55444f4d5f
561
0
562
75616665642e7574
563
2f7273752f3a6e69
564
0
565
544e4f435f474e49
566
0
567
532f726567616e61
568
0
569
0
570
0
571
0
572
53454c55444f4d5f
573
0
574
505f464d4f007874
575
0
576
0
577
0
578
0
579
0
580
73696d7567656d2f
581
2f6873696d756765
582
734b72626c784535
583
0
584
0
585
0
586
0
587
0
588
0
589
0
590
0
591
2f3a6e69622f6572
592
0
593
0
594
73752f3a6e69622f
595
0
596
685f74666f726379
597
0
598
312d64696f72646e
599
0
600
6d766a2f62696c2f
601
0
602
532f64696f72646e
603
0
604
2d736968743d4449
605
0
606
4d79616c70736944
607
49535345535f4744
608
0
609
0
610
0
611
41444e414d00313d
612
0
613
0
614
69622f656c636172
615
75622d6b646e2f6b
616
0
617
0
618
67656d2f656d6f68
619
6f2d382d6176616a
620
0
621
75622d6b646e2f6b
622
6f6674616c702f6b
623
0
624
0
625
0
626
0
627
6e6962732f727375
628
0
629
58554e494c5f5451
630
0
631
0
632
0
633
0
634
6d742f3d74636172
635
0
636
0
637
0
638
0
639
0
640
0
641
0
642
0
643
0
644
74613a6c6961673d
645
0
646
0
647
0
648
0
649
0
650
0
651
0
652
0
653
0
654
0
655
0
656
535345535f474458
657
0
658
0
659
0
660
0
661
0
662
5441505f59524f54
663
0
664
73696d7567656d2f
665
0
666
0
667
0
668
616c707369442f70
669
0
670
0
671
0
672
622f70616e732f3a
673
0
674
0
675
0
676
0
677
42440075746e7562
678
67656d2f656d6f68
679
0
680
4d5f4d495f524554
681
0
682
656572662f67726f
683
0
684
0
685
6e6962732f727375
686
6f7769612f687369
687
0
688
544e55525f474458
689
2f7261762f3d5249
690
0
691
696c2f746c697562
692
5259454b5f454d4f
693
0
694
0
695
2f7273752f3d5352
696
656572662f67726f
697
0
698
5f5a49504d4f4300
699
0
700
0
701
4d5f474458006e6f
702
31303b33333b3034
703
3d61633a33343b30
704
0
705
0
706
0
707
0
708
672d7974696e753a
709
0
710
0
711
0
712
0
713
5249444552324a00
714
0
715
0
716
574f444e4957006d
717
5f544e454d495245
718
656c6361726f2d38
719
72657078652f666c
720
6f2d382d6176616a
721
0
722
0
723
0
724
6c3a34333b31303d
725
0
726
0
727
324b544700787469
728
656d6f682f3d5954
729
415f5954494c4942
730
0
731
0
732
0
733
0
734
0
735
0
736
0
737
73752f3a75746e75
738
444700746e656d69
739
0
740
0
741
0
742
0
743
0
744
313d4c564c4853
745
0
746
0
747
0
748
0
749
0
750
0
751
73752f3a75746e75
752
0
753
67656d2f656d6f68
754
0
755
0
756
2f6d766a2f62696c
757
47445800313d5954
758
0
759
0
760
0
761
0
762
0
763
0
764
0
765
0
766
6a2f6d766a2f6269
767
0
768
2f64696f72646e41
769
632e2f6873696d75
770
2e2a3a35333b3130
771
0
772
3b31303d7a782e2a
773
0
774
616e732f62696c2f
775
0
776
6d6f682f3d445750
777
0
778
535345535f474458
779
5f4156414a007574
780
0
781
0
782
0
783
0
784
6f6674616c702f6b
785
0
786
0
787
0
788
2f65726168732f6c
789
0
790
0
791
54510073656d6c6f
792
0
793
0
794
544e55525f474458
795
0
796
0
797
0
798
0
799
0
800
303030312f726573
801
0
802
4458006465747261
803
0
804
0
805
0
806
0
807
0
808
535245565f455456
809
0
810
0
811
732f7273752f3d48
812
6d2f656d6f682f3a
813
412f6873696d7567
814
31303d7863702e2a
815
3d5249445f454d49
816
0
817
62642f656c636172
818
0
819
2e2a3a31333b3130
820
0
821
3a31333b31303d6f
822
73696d7567656d2f
823
0
824
2f64696f72646e41
825
3d7261742e2a3a32
826
0
827
0
828
382d6176616a2f6d
829
636f6c2f7273752f
830
0
831
0
832
3a6e69622f687369
833
0
834
494c494249535345
835
0
836
3d7a62742e2a3a31
837
0
838
67632e2a3a35333b
839
3d7261772e2a3a31
840
0
841
0
842
7461646e616d2e75
843
6d6f682f3d454d4f
844
0
845
65726a2f656c63
846
4f4d5f4d495f4b54
847
0
848
0
849
0
850
696e753d424f4a00
851
0
852
0
853
0
854
6e412f6873696d75
855
0
856
0
857
3d455059544e4f49
858
0
859
5000666d6f2f6769
860
74696e753d424f4a
861
7261762f3a2f6572
862
3a35333b31303d76
863
0
864
0
865
0
866
0
867
74666f7263796d2f
868
2e2a3a35333b3130
869
0
870
656d7070613d454d
871
0
872
0
873
65727065642d7369
874
0
875
0
876
0
877
67612d6770672e53
878
0
879
0
880
2e2a3a31333b3130
881
0
882
0
883
0
884
3d6372612e2a3a31
885
4d49006e6f697373
886
0
887
0
888
77743a31343b3033
889
5f54524154535055
890
2e2a3a35333b3130
891
67656d2f656d6f68
892
0
893
0
894
45565f4e4f485459
895
303d6c672e2a3a35
896
0
897
0
898
0
899
0
900
0
901
0
902
