1
8000
2
3f
3
ffffffff00000000
4
0
5
17
6
7f0c7fb1f4c0
7
7f2dabc88d80
8
4141414141414141
9
4242786c6c243925
10
4242424242424242
11
4242424242424242
12
4242424242424242
13
4242424242424242
14
4242424242424242
15
4242424242424242
16
4242424242424242
17
4242424242424242
18
4242424242424242
19
4242424242424242
20
4242424242424242
21
4242424242424242
22
4242424242424242
23
4242424242424242
24
4242424242424242
25
4242424242424242
26
4242424242424242
27
4242424242424242
28
4242424242424242
29
4242424242424242
30
4242424242424242
31
4242424242424242
32
4242424242424242
33
4242424242424242
34
4242424242424242
35
4242424242424242
36
4242424242424242
37
4242424242424242
38
4242424242424242
39
42424242424242
40
0
41
0
42
0
43
0
44
0
45
0
46
0
47
0
48
0
49
0
50
0
51
0
52
0
53
0
54
0
55
0
56
0
57
0
58
0
59
0
60
0
61
0
62
0
63
0
64
0
65
0
66
0
67
0
68
0
69
0
70
0
71
0
72
0
73
0
74
0
75
0
76
0
77
0
78
0
79
0
80
0
81
0
82
0
83
0
84
0
85
0
86
0
87
0
88
0
89
0
90
0
91
0
92
0
93
0
94
0
95
0
96
0
97
0
98
0
99
0
100
0
101
0
102
0
103
0
104
0
105
0
106
0
107
0
108
0
109
0
110
0
111
0
112
0
113
0
114
0
115
0
116
0
117
0
118
0
119
0
120
0
121
0
122
0
123
0
124
0
125
0
126
0
127
0
128
0
129
0
130
0
131
0
132
0
133
0
134
0
135
0
136
0
137
185b6b9141b6f700
138
7fffff305610
139
400b39
140
0
141
7ffe6814a328
142
7ffdb76209b8
143
16f736476
144
1
145
100400bad
146
5f35315f35316837
147
6333355f79723376
148
68375f315f373372
149
6b6e31
150
7ffd5a446700
151
7c128129e8805700
152
400b60
153
7fde11259830
154
0
155
7ffe9a71f788
156
100000000
157
400a2c
158
0
159
c0913aab9ba67646
160
400780
161
7fffab35af50
162
0
163
0
164
61e96c8adc5c5322
165
6c34830209a41392
166
7ffc00000000
167
0
168
0
169
1
170
7f5485f16ab0
171
400bd0
172
0
173
0
174
400780
175
7ffcd0003e40
176
0
177
4007a9
178
7fffcbaadcc8
179
1c
180
1
181
7fff2422ff80
182
0
183
7ffc2e52ef90
184
7ffc086cafb1
185
7fff2bda0fe8
186
7ffc4642301c
187
7ffcc5e43048
188
7ffe9822f068
189
7fffd47a0082
190
7fff3f953097
191
7fffe31d70aa
192
7ffe1ebcd0bb
193
7fff25a8f0c9
194
7fffde2610dd
195
7ffe0e3e80e8
196
7ffd70e5f299
197
7ffda87832e5
198
7ffde85eb2f0
199
7ffed71df307
200
7ffcaec2f318
201
7ffd4a20532c
202
7ffc9c8e0340
203
7fff2e8e237a
204
7ffe062bd3a0
205
7ffd0e7683af
206
7ffc559183e2
207
7fff5209b3ea
208
7ffef1e0b40d
209
7ffec048b443
210
7ffd3c5b7460
211
7ffc8305b49c
212
7ffda07dc4ae
213
7fff4b4ab4c4
214
7ffe6df264d6
215
7fffde6b54f0
216
7ffc883e6502
217
7ffdbb7c8525
218
7fffb1fde55a
219
7ffe11dd956e
220
7ffd954b958d
221
7fffba34f5a8
222
7ffff2ac15c2
223
7fffbd8925e1
224
7ffdf814c5f5
225
7ffde719f61e
226
7fff7fd74647
227
7ffcf4b8366b
228
7ffd5f8bb692
229
7ffe3a4ef6a3
230
7ffdcbec96b5
231
7ffcda1bd6ca
232
7ffe6e8836dd
233
7ffc7b17b6ec
234
7ffeb69966ff
235
7fff91f1d765
236
7ffc5148b799
237
7ffd328f17ab
238
7ffcf268f7d1
239
7fff957747e7
240
7ffd393da7f6
241
7ffec5ee380d
242
7fffd77de832
243
7ffff38a8876
244
7fffb99d9889
245
7ffe397798c8
246
7fff6eb288d7
247
7fffa0c68904
248
7fffda6a7948
249
7ffee84e8952
250
7ffea65cd989
251
7fff8e0b19b2
252
7ffe2d5039cc
253
7ffc5d5219e3
254
7fff6cc5fa40
255
7ffc0d06bfc8
256
7ffe40204fd9
257
0
258
21
259
7ffc3e3f4000
260
10
261
bfebfbff
262
6
263
1000
264
11
265
64
266
3
267
400040
268
4
269
38
270
5
271
9
272
7
273
7f72f69c6000
274
8
275
0
276
9
277
400780
278
b
279
3e8
280
c
281
3e8
282
d
283
3e8
284
e
285
3e8
286
17
287
0
288
19
289
7ffd2c1fd2d9
290
1f
291
7ffc36fadfe8
292
f
293
7ffca8328a29
294
0
295
0
296
0
297
b151dd74f1c5b600
298
4f640c7fbe4e1adc
299
34365f363878e2
300
0
301
0
302
0
303
0
304
0
305
0
306
0
307
0
308
0
309
0
310
0
311
0
312
0
313
0
314
0
315
3574712d756e656d
316
0
317
0
318
0
319
0
320
0
321
0
322
0
323
0
324
0
325
0
326
0
327
0
328
0
329
525255435f474458
330
0
331
0
332
0
333
0
334
0
335
0
336
0
337
0
338
0
339
0
340
0
341
0
342
0
343
0
344
0
345
0
346
0
347
0
348
373d524e54565f
349
0
350
0
351
0
352
0
353
0
354
0
355
0
356
0
357
0
358
0
359
0
360
0
361
0
362
0
363
0
364
0
365
0
366
44494f52444e4100
367
0
368
0
369
0
370
0
371
6c2f7273752f3a6e
372
64696f72646e412f
373
0
374
6d766a2f62696c2f
375
0
376
0
377
0
378
0
379
0
380
0
381
0
382
622f6f677261632e
383
0
384
0
385
0
386
0
387
0
388
0
389
0
390
0
391
0
392
0
393
0
394
0
395
0
396
0
397
0
398
0
399
0
400
0
401
0
402
0
403
0
404
0
405
2f6873696d756765
406
0
407
0
408
0
409
0
410
0
411
0
412
0
413
0
414
0
415
0
416
0
417
0
418
0
419
6f682f3d48544150
420
0
421
0
422
0
423
0
424
0
425
0
426
0
427
0
428
0
429
0
430
6d7567656d2f656d
431
0
432
0
433
0
434
0
435
0
436
0
437
0
438
0
439
0
440
0
441
0
442
0
443
0
444
69622f6873696d75
445
0
446
0
447
0
448
7567656d2f656d6f
449
0
450
0
451
0
452
0
453
0
454
0
455
0
456
0
457
0
458
0
459
0
460
0
461
0
462
0
463
0
464
0
465
0
466
0
467
0
468
0
469
0
470
0
471
0
472
0
473
0
474
0
475
0
476
4d495f5245545455
477
0
478
656c6361726f2d38
479
0
480
0
481
2f6873696d756765
482
0
483
0
484
0
485
454552475f474458
486
0
487
0
488
6d6f682f3d4f464e
489
5f54524154535055
490
0
491
0
492
0
493
0
494
6e69622f6f72622f
495
0
496
0
497
0
498
4f544b5345445f45
499
0
500
64657472617473
501
0
502
0
503
0
504
0
505
0
506
0
507
0
508
0
509
0
510
752f6e75722f3d52
511
0
512
5345535f53554244
513
0
514
0
515
0
516
0
517
0
518
0
519
0
520
0
521
2d6b646e2f6b6453
522
0
523
4d414e474f4c0078
524
0
525
0
526
0
527
0
528
0
529
0
530
73696d7567656d2f
531
0
532
0
533
0
534
6c5f676572672f2e
535
0
536
0
537
0
538
6f682f3d59544952
539
0
540
0
541
0
542
0
543
2f6873696d756765
544
0
545
61702e79726f7461
546
0
547
0
548
0
549
0
550
0
551
0
552
45565f4554560065
553
0
554
0
555
0
556
0
557
0
558
6c6f7263732d7961
559
0
560
0
561
0
562
0
563
0
564
0
565
0
566
0
567
0
568
6f72646e412f6873
569
544d524f4654414c
570
30312f726573752f
571
0
572
0
573
0
574
0
575
0
576
0
577
0
578
0
579
0
580
0
581
0
582
0
583
6574783d4d524554
584
0
585
0
586
0
587
0
588
0
589
0
590
0
591
0
592
0
593
0
594
0
595
7261632e2f687369
596
0
597
5241545350550078
598
0
599
0
600
0
601
4c43003d45434e41
602
0
603
753d4e4f49535345
604
0
605
0
606
30746165532f7265
607
0
608
0
609
6f742f6b64532f64
610
0
611
6c2f7273752f3a6e
612
6d7567656d2f656d
613
474458007261626c
614
0
615
0
616
0
617
0
618
0
619
0
620
6c6f7263732d7961
621
0
622
6665642e75746e75
623
0
624
0
625
0
626
45440075746e7562
627
0
628
0
629
0
630
0
631
0
632
534944003638782d
633
5f54524154535055
634
0
635
61762f3d5249445f
636
6f2d382d6176616a
637
0
638
0
639
0
640
0
641
6e69622f65726a2f
642
3032736c616e6966
643
382d6176616a2f6d
644
0
645
0
646
2f64696f72646e41
647
0
648
0
649
0
650
726168732f6c6163
651
0
652
0
653
0
654
51003131783d4550
655
0
656
0
657
0
658
0
659
0
660
0
661
444552324a00656c
662
0
663
2d382d6176616a2f
664
0
665
0
666
0
667
0
668
0
669
0
670
0
671
0
672
6c5f676572672f2e
673
30312f6e6f697373
674
0
675
0
676
505f59524f544144
677
0
678
0
679
0
680
6f682f3d59544952
681
696d7567656d2f65
682
434c4f4f54002d65
683
0
684
642f656c6361726f
685
0
686
0
687
0
688
6d6f682f3d4f464e
689
0
690
5f4e4f4854595000
691
4f48545541580030
692
0
693
0
694
0
695
6d7a6c2e2a3a3133
696
69612f6873696d75
697
646972622d6b7461
698
0
699
474e414c5f4d4447
700
0
701
3a33333b30343d69
702
0
703
0
704
0
705
0
706
0
707
0
708
0
709
0
710
505f4150515f5451
711
0
712
0
713
0
714
0
715
544f4f5253595300
716
0
717
0
718
0
719
75746e7562753d
720
0
721
0
722
0
723
0
724
0
725
0
726
5345535f53554244
727
2d6770672e532f67
728
743a31343b30333d
729
62732f7273752f3a
730
4f4d580075746e75
731
0
732
0
733
6d7a6c2e2a3a3133
734
72662f67726f2f3d
735
686372612f34312d
736
0
737
4d495f3454510031
738
0
739
0
740
0
741
0
742
656c6361726f2d38
743
0
744
0
745
32343d4e4f495352
746
0
747
45535f504f544b53
748
6d7567656d2f656d
749
2a3a31333b31303d
750
54534e495f545241
751
0
752
0
753
3b31303d6265642e
754
3b31303d72616a2e
755
535300666d6f2f65
756
3d4449505f474e49
757
0
758
0
759
0
760
0
761
31303d7a6c742e2a
762
0
763
333b31303d7a722e
764
696d7567656d3d45
765
6d70782e2a3a3533
766
0
767
0
768
0
769
7a61742e2a3a3133
770
4c003d4c4f52544e
771
3b31303d7261652e
772
752f3a75746e7562
773
61762f3d5249445f
774
303d7863702e2a3a
775
4d4f4e4700687369
776
0
777
7078652f666c6f77
778
31303d7a782e2a3a
779
61702e79726f7461
780
0
781
0
782
0
783
5a4e550037797469
784
0
785
3b31303d61686c2e
786
0
787
0
788
4d495f5245545455
789
76616a2f6d766a2f
790
333b31303d766b6d
791
0
792
696f72646e412f68
793
0
794
2f65726168732f72
795
0
796
6d2e2a3a35333b31
797
636172747362613a
798
0
799
0
800
30312f726573752f
801
682f3d485441505f
802
444e4957006d6978
803
3b31303d6563612e
804
530032312e372e32
805
35333b31303d6d67
806
0
807
0
808
62696c2f7273752f
809
0
810
3a31333b31303d5a
811
0
812
0
813
4c55414645445f54
814
2f3d485441505f54
815
6c662e2a3a36333b
816
6f6f7a2e2a3a3133
817
6f2e2a3a35333b31
818
0
819
0
820
0
821
0
822
616c707369442f70
823
7a61742e2a3a3133
824
62753d4e4f495353
825
0
826
45474155474e414c
827
0
828
0
829
682f3d485441505f
830
0
831
6c2f746c69756265
832
5f53544c55414645
833
646e75622d6b646e
834
0
835
0
836
0
837
0
838
0
839
0
840
0
841
0
842
3638782d78756e69
843
0
844
0
845
435f464d4f003263
846
783d53544e455645
847
303d67706d2e2a3a
848
3d7a2e2a3a31333b
849
79732f2f2f3a756d
850
72626c784535342d
851
32343d4e4f495352
852
